"TOA5","CR200 Series","CR2xx","","v10S","mini_AWS_Rosan.","20559","Res_data_1_min"
"TIMESTAMP","RECORD","BattV","temperature","rel_humidity","wind_speed","gust_speed","wind_direction","air_pressure"
"TS","RN","Volts","degC","%","m/s","m/s","deg","hPa"
"","","Min","Avg","Smp","Avg","Max","Smp","Smp"
"2026-10-05 07:59:00",0,11.58929,22.00331,60.90664,0,0,78.87593,987.6315
"2026-10-05 08:00:00",1,11.58426,28.16358,73.15176,0,0,77.83131,987.3049
"2026-10-05 13:06:00",2,12.30282,21.66728,16.43011,0,0,266.9849,986.2059
"2026-10-05 13:07:00",3,12.28771,21.93749,70.19235,0.2125,1.4,268.1119,986.0472
"2026-10-05 13:08:00",4,12.26504,23.58775,29.35594,0.07916667,0.95,260.3704,986.1296
"2026-10-05 13:09:00",5,12.25497,24.61771,15.4411,0.2,0.95,347.1915,986.0228
"2026-10-05 13:10:00",6,12.28183,24.59037,14.64134,0.5458333,0.95,350.6678,986.0228
"2026-10-07 09:35:00",7,12.42621,-2.486239,46.78727,0.7454545,1.25,174.5418,987.1797
"2026-10-07 09:36:00",8,12.42789,-2.467924,47.13221,0.3833333,2.15,226.8642,987.366
"2026-10-07 09:37:00",9,12.42873,-2.502392,47.16731,0.9625001,1.25,223.7325,987.0668
"2026-10-07 09:38:00",10,12.43377,-2.56713,47.76102,1.1375,2,236.4978,987.366
"2026-10-07 09:39:00",11,12.43041,-2.629707,47.81444,2.2875,2.9,222.2392,987.2652
"2026-10-07 09:40:00",12,12.42789,-2.682108,47.40083,2.425,2.75,196.6177,987.2072
"2026-10-07 09:41:00",13,12.42705,-2.563189,46.45302,2.2625,2.6,208.4467,986.9752
"2026-10-07 09:42:00",14,12.42286,-2.525032,46.50797,2.0625,2.3,254.6921,987.2408
"2026-10-07 09:43:00",15,12.4237,-2.494125,46.7018,1.6875,2.6,199.9011,987.1797
"2026-10-07 09:44:00",16,12.42957,-2.525795,47.06505,1.825,2.3,193.8956,987.2438
"2026-10-07 09:45:00",17,12.42286,-2.538005,47.46798,2.5125,3.2,208.4749,987.192
"2026-10-07 09:46:00",18,12.42957,-2.600708,47.33978,2.6875,3.35,205.2846,987.2438
"2026-10-07 09:47:00",19,12.42705,-2.660105,47.50461,2.275,2.6,211.8038,987.1309
"2026-10-07 09:48:00",20,12.41362,-2.685797,47.73202,1.8875,2.15,217.0659,987.3049
"2026-10-07 09:49:00",21,12.4237,-2.787675,47.79765,1.925,2.45,227.5838,987.3904
"2026-10-07 09:50:00",22,12.42537,-2.787038,46.93074,1.9375,2.45,214.8228,987.2316
"2026-10-07 09:51:00",23,12.4237,-2.707674,46.56443,1.2375,1.85,223.0411,987.2958
"2026-10-07 09:52:00",24,12.4237,-2.687196,46.74759,1.65,1.85,250.3467,987.2805
"2026-10-07 09:53:00",25,12.41866,-2.667736,48.05253,1.3375,1.85,231.8945,987.4545
"2026-10-07 09:54:00",26,12.4237,-2.789202,48.70577,1.1625,1.4,224.0554,987.4636
"2026-10-07 09:55:00",27,12.41698,-2.882048,49.40327,1.4875,2,227.1741,987.5247
"2026-10-07 09:56:00",28,12.41782,-3.011017,50.21524,1.6625,2.15,201.7238,987.4758
"2026-10-07 09:57:00",29,12.42286,-3.079443,50.61206,1.5125,1.85,201.7498,987.4972
"2026-10-07 09:58:00",30,12.41278,-3.043703,50.2946,1.75,2,198.7069,987.5369
"2026-10-07 09:59:00",31,12.4195,-3.070412,50.00766,2.1875,2.45,218.427,987.3232
"2026-10-07 10:00:00",32,12.42202,-3.107805,50.34191,1.8625,2.3,195.9415,987.5369
"2026-10-07 10:01:00",33,12.4195,-3.207648,50.67158,1.925,2.3,204.5846,987.5125
"2026-10-07 10:02:00",34,12.41782,-3.218077,50.95852,2.0125,2.15,210.9325,987.3995
"2026-10-07 10:03:00",35,12.41782,-3.223801,51.00889,1.95,2.45,235.4792,987.3232
"2026-10-07 10:04:00",36,12.41698,-3.267808,51.13709,1.8125,2.3,227.1135,987.5979
"2026-10-07 10:05:00",37,12.41194,-3.26094,51.40418,2.0375,2.45,222.456,987.5247
"2026-10-07 10:06:00",38,12.4153,-3.325805,51.68654,2.225,2.45,233.0085,987.4392
"2026-10-07 10:07:00",39,12.41194,-3.288412,51.17982,2.0875,2.6,215.5835,987.4484
"2026-10-07 10:08:00",40,12.41698,-3.281798,51.22256,2.0625,2.3,217.5341,987.5247
"2026-10-07 10:09:00",41,12.40271,-3.266027,51.08062,1.975,2.3,187.9832,987.4362
"2026-10-07 10:10:00",42,12.40942,-3.213881,50.53727,1.775,2.15,199.097,987.5613
"2026-10-07 10:11:00",43,12.41194,-3.141511,50.14808,1.95,2.15,189.5654,987.3538
"2026-10-07 10:12:00",44,12.41362,-3.024243,49.49942,2.0875,2.6,183.0635,987.5979
"2026-10-07 10:13:00",45,12.40187,-2.904432,48.81718,1.275,1.7,193.1999,987.5186
"2026-10-07 10:14:00",46,12.40523,-2.833206,48.38831,1.625,2.3,267.1648,987.4758
"2026-10-07 10:15:00",47,12.40691,-2.780553,47.7305,0.6291667,0.95,183.7592,987.427
"2026-10-07 10:16:00",48,12.40187,-2.777118,46.95211,1.2875,1.7,213.789,987.5002
"2026-10-07 10:17:00",49,12.40355,-2.778263,47.67555,1.275,1.7,308.822,987.4819
"2026-10-07 10:18:00",50,12.41026,-3.033146,49.66578,1.4125,2,268.4781,987.546
"2026-10-07 10:19:00",51,12.39347,-3.38978,50.6899,2.425,3.65,249.3064,987.5918
"2026-10-07 10:20:00",52,12.40942,-3.572931,52.45425,2.9375,3.2,218.1496,987.485
"2026-10-07 10:21:00",53,12.40187,-3.7005,53.26774,3.5,4.1,223.4313,987.4636
"2026-10-07 10:22:00",54,12.41026,-3.75252,53.33947,3.4125,4.1,209.7666,987.5857
"2026-10-07 10:23:00",55,12.40523,-3.781773,53.07696,3.05,3.65,223.7758,987.5765
"2026-10-07 10:24:00",56,12.40523,-3.545841,50.64259,3.825,4.55,219.1487,987.5857
"2026-10-07 10:25:00",57,12.40439,-3.31207,50.15876,3.425,3.65,204.9574,987.5002
"2026-10-07 10:26:00",58,12.40355,-3.238809,49.9283,2.85,3.65,219.606,987.5094
"2026-10-07 10:27:00",59,12.40271,-3.200398,49.43685,2.325,2.75,193.7482,987.4209
"2026-10-07 10:28:00",60,12.40355,-3.097121,48.02354,1.675,2.3,203.7524,987.5002
"2026-10-07 10:29:00",61,12.39935,-2.987868,47.11694,0.3625,0.95,283.6057,987.5125
"2026-10-07 10:30:00",62,12.39515,-3.000334,47.30467,2.5625,3.35,231.6842,987.6223
"2026-10-07 10:31:00",63,12.40523,-2.998805,46.95974,2.2875,3.35,248.4655,987.601
"2026-10-07 10:32:00",64,12.40355,-3.068631,48.44478,2.1875,2.75,251.5257,987.7536
"2026-10-07 10:33:00",65,12.40355,-3.161479,48.08154,1.65,1.85,233.0626,987.6834
"2026-10-07 10:34:00",66,12.40355,-3.1714,47.6145,1.475,1.85,236.0621,987.7292
"2026-10-07 10:35:00",67,12.39683,-3.164023,48.88282,2.2625,3.2,209.8728,987.6315
"2026-10-07 10:36:00",68,12.40019,-3.24466,49.68868,2.8375,3.65,273.2245,987.5826
"2026-10-07 10:37:00",69,12.39851,-3.220366,46.86358,2.8625,3.95,271.7399,987.5125
"2026-10-07 10:38:00",70,12.40103,-3.045485,46.84069,2.7,4.4,"NAN",987.6193
"2026-10-07 10:39:00",71,12.39683,-3.03887,46.62396,1.4875,2.3,18.20081,987.6132
"2026-10-07 10:40:00",72,12.39851,-2.996643,46.52781,0.4333334,0.95,57.89235,987.6711
"2026-10-07 10:41:00",73,12.39599,-2.998298,46.2775,0.1708333,1.4,220.0676,987.72
"2026-10-07 10:42:00",74,12.39683,-2.959887,46.47897,2.15,2.45,222.0702,987.5948
"2026-10-07 10:43:00",75,12.39515,-2.963194,45.98446,1.225,2.15,205.6076,987.778
"2026-10-07 10:44:00",76,12.39767,-2.912191,45.85015,1.6625,2,213.2017,987.7567
"2026-10-07 10:45:00",77,12.39012,-2.876961,45.52353,1.6875,1.85,194.925,987.6956
"2026-10-07 10:46:00",78,12.38844,-2.852922,45.04887,1.7625,2,200.1092,987.5735
"2026-10-07 10:47:00",79,12.39264,-2.779662,45.47775,1.45,1.85,221.9207,987.7811
"2026-10-07 10:48:00",80,12.39683,-2.88332,45.783,2.15,3.2,244.0919,987.7811
"2026-10-07 10:49:00",81,12.39683,-3.194293,47.48019,1.6375,2.15,226.9943,987.7567
"2026-10-07 10:50:00",82,12.3834,-3.343612,48.3471,1.75,2.15,245.6502,987.8147
"2026-10-07 10:51:00",83,12.39683,-3.444471,48.12427,0.4625,0.95,196.0997,987.7659
"2026-10-07 10:52:00",84,12.38844,-3.434806,47.47409,1.1625,1.85,212.3174,987.6834
"2026-10-07 10:53:00",85,12.39515,-3.312833,46.62701,0.05416667,0.65,138.9681,987.8055
"2026-10-07 10:54:00",86,12.39264,-3.245932,46.70638,1.425,1.85,128.123,987.8635
"2026-10-07 10:55:00",87,12.38424,-3.172417,46.7949,1.0625,1.25,187.3222,987.72
"2026-10-07 10:56:00",88,12.38928,-3.100811,46.13708,0.8750001,1.1,161.3756,987.8544
"2026-10-07 10:57:00",89,12.39012,-3.030858,45.2076,0.5916666,0.95,161.913,987.8635
"2026-10-07 10:58:00",90,12.39096,-2.913462,46.55833,1.15,1.4,176.8304,987.7048
"2026-10-07 10:59:00",91,12.38844,-2.896673,45.99514,0.775,1.1,173.2522,987.7811
"2026-10-07 11:00:00",92,12.39012,-2.868057,45.34954,0.7,1.1,151.6922,987.8452
"2026-10-07 11:01:00",93,12.38928,-2.872636,45.21523,0.85,1.4,142.466,987.8452
"2026-10-07 11:02:00",94,12.38928,-2.910665,45.42891,0.7708333,1.1,168.3477,987.8055
"2026-10-07 11:03:00",95,12.3918,-3.006946,45.78757,1.4625,2,160.6907,987.6926
"2026-10-07 11:04:00",96,12.38592,-3.077281,46.17372,1.5375,1.85,152.6631,987.9032
"2026-10-07 11:05:00",97,12.38172,-3.154357,47.11999,2.2,2.45,171.2085,987.8422
"2026-10-07 11:06:00",98,12.3876,-3.230924,46.94142,1.975,2.3,165.1314,987.9398
"2026-10-07 11:07:00",99,12.38844,-3.241225,46.72164,1.9,2.15,138.7427,987.9276
"2026-10-07 11:08:00",100,12.38508,-3.18361,45.98294,1.475,1.85,160.0275,988.0131
"2026-10-07 11:09:00",101,12.37165,-3.112385,45.77689,0.8875,1.1,158.2048,987.7109
"2026-10-07 11:10:00",102,12.38844,-3.069904,46.51102,1.075,1.25,176.8911,987.9398
"2026-10-07 11:11:00",103,12.38424,-3.081733,45.85778,1.25,1.55,202.0879,987.8879
"2026-10-07 11:12:00",104,12.38676,-3.095722,46.56291,1.25,1.85,167.0191,987.778
"2026-10-07 11:13:00",105,12.38676,-3.206758,46.57512,1.4625,1.85,165.1033,987.8361
"2026-10-07 11:14:00",106,12.38676,-3.204596,47.64502,1.5,1.7,175.2722,988.0253
"2026-10-07 11:15:00",107,12.38676,-3.186153,46.46523,1.7875,2.15,186.2668,987.8513
"2026-10-07 11:16:00",108,12.38256,-3.162624,47.84649,1.1875,1.55,188.5554,988.0253
"2026-10-07 11:17:00",109,12.3834,-3.183101,47.15968,1.475,2.15,177.8837,987.9948
"2026-10-07 11:18:00",110,12.37921,-3.10221,46.7659,1.55,2.15,188.8393,988.0253
"2026-10-07 11:19:00",111,12.37501,-3.081987,47.69997,1.625,2,167.3486,988.007
"2026-10-07 11:20:00",112,12.38424,-3.028314,47.68471,1.4625,1.85,172.5175,987.9276
"2026-10-07 11:21:00",113,12.37836,-3.066724,46.53697,1.025,1.25,184.7323,988.0497
"2026-10-07 11:22:00",114,12.36997,-3.02984,45.96309,0.8541667,1.55,187.7968,987.9612
"2026-10-07 11:23:00",115,12.37417,-3.048665,46.76438,1.3,1.7,211.9013,987.9612
"2026-10-07 11:24:00",116,12.37081,-3.02666,46.08519,1.4125,1.85,202.1139,987.9154
"2026-10-07 11:25:00",117,12.3515,-3.109332,46.41487,0.925,1.25,226.7255,987.891
"2026-10-07 11:26:00",118,12.35402,-3.136677,46.917,0.8999999,1.4,196.3793,988.0436
